11166 1666166611,

11636 61161 1111616 6111616161 1616,
6111616 161616 6161 116161 1611616,
vrtoglas 611616 116 16 66161616
16116 6 16116 1616 661 316166161611.
Ζ6161 16 116611 11161 16616 61116,
1 prvu 611611 6161 pri 1611 161616.
A 116 prit 661116, pube glas po 1111,
16 mu 66 61111 61116, 31666166 zaupi.
116161 36 6161111 11 16111161116,
u 116116 11 616ρί 16 36 sam 1111116.
Rabiti 1611116 1116 111 61 1616,
1111161161 1611116 616 66161 11616
Τ11 611161111 1616 3661616161116
16166611 11616, prignuf 66 161116,
1 bibe 1161116 puna gospodskih 111,
611116 1661116 16161161 61611 61111.
Α 16 1611116611 6161 delo opoti,
1616 brie 166 puk 11161616 1 161611.
Svak 66 161 111611 1 6161611 611661,
111161 66 6111611 16 36 16 61661ε
16161611 prosi 1111 66 16116 3116,
616 661111 1661, 161 mu 16116 11161
16 161161 1611116, 16 po 11161 161616,
16 1 1611666116 6 6111611 61 ν616;
1111 16161616 trudan 16611 11661,
6 1111 1166 1616 16 3116 13661;
16 161616 11661, 6 16116 16 6116ς
16 ιι obrof 61661, 1116361 ni 1116ς
16 16116116 dila, 6 16 316611 brusi3
161161 3161 1111116, 6 1111611 611611
1111 111161616111 61111611 611661,
kim prude poslusi 61611161661661;
16 16 1611 6661, 16 6616 161111,
16 1616 11661 661111 16 611111;

16 6616 6161 1111, 1111616116611636,
311 111 66 61111111 jur 611 prudna tega3
16 biae podlega' 161 brimo 1611616
1 doli 1111 61636 6161161611616; 170

1111 66 61611616 161 16 j' 161 pompa,
161 616116 11611616 111161 66 666616;

 

