sum munuc,

bi 11111 10 10111 101110 mole 1111
1111 1111010111, 111111 11 sud 1111101111
mne& 11 ne 11 11111111 11111111 11111111
111111 1111111 1111111111 111 veneti,
Pilata 111111 1111110111 1110111111,
111 1111 1101111 111111 ne 111111,
teni mu 11311111, 11111 111 11 11111
110 ne δ’ 1111111111 1 1101111111 1111011,
11 6' 111111 111111 ni 11111 101111
1111110 1111111 111 11031 1111111
1031 10 1101111 111111 301011,
31111011 j’ velika, 110 31 11110111
nebo, 111111, 11011110 111111 11111
11111, pola, 3011 11111111 1011101111,
111 31 Ρ1111 11111 1111111 11 1111011,
11 31 pusti 1111, 01 111011 1111011ς
1111111 11111011, pomoni, 11111111
1 11101111011 101101110111111.
U tom 11 11011111111110311111111,
u 11111 1011111, 11 moze to biti?
1111111111111111, 1110 11 111111ιό11
11110311 1111111111 11 1111 111111,
111111 0111111, 1110 1 1111111,
Ρ111111 1011111 01110 11111111
ne 1111 111 11031111 10111 1111111111,
11 ti 10 u 11111 dan 11 1101111 11111,
1111111 sam 111111 rad 11131 111111
u 1111111 11111111 1111111 111111;
111111 11 11111 111111 01 11111111 0111 101 315
1 11 1111 1101111 nobem 11 1011011
no 111 11 ti 11111101, ni 11111111111111,
to 1110111 110 hod, prez 311111 011111,
1101111 0111111 0111111111 11 111 1111,
11101111 11011111 11111 3111 gre 111ς 311
011111 11111 3111111 111 110 101111,
1111011 obtatis 3111 pulta ki 1110.
Ρ1111 li 0111110 11111111 11101111
11111111 0111111, 311111 11 1101111,
1 oni 3111 11111111 pren 11110311 361
propni, 30101111, 1111011111 toga,

 

