000 (0000000. 139

00010101, 000110,000111”11100 205
010 20010000 003 01 0020,
00000, judi i 0011100

01 (01010011 20 01 01020,
001200, 00001101 1011100,
joi 10 00011 3000 1020 210

01000 oei 00,
ter 001001 10 1001030,
00111 00110 10 0011030,
01100 100οι01 jur otvori3

0110110020οο1 3001 215 m Dmge im ἀπιεῖ ,Μ’

gdj je misto 011 11101038,
10 bi do 010 doprit moga',
gdi 00 01110 01000 00001.

0010 00020 51030 00100,
0110 10100101 tamnonti3 220
000000 00 00 000100,
0 0110 00 1011 300ος
00 10101οι1 1111 0100,
10 je 101030 tobi 10011.

²²¹ Pozrih 0110311 mi 2000, 225

011110 10031 0011 000010,

21 mi ludi i 00 000000,

100 nam 001 0011 0010101 1000
1011001000 05100010

10 00 10030 00 31010000. 230

¹ A pokle 30 000011( samo,

j 01 mod vidit 0101 100100

011110 (01010 0002010110

’ 00100 3000 00 0100100

311 prosim prisvitliie 235
nego 00000 00 101020;

00 0003010 bit 0011110

0001011010 000000 020.
1111110 100101 110010,

00020 001110 311 0001110, 240

01110 0010 kf> 0010110,
00100 grane 00000010,

ι kih 0120100 0011 00 spade,
i 10 0010 3101010 0110,
10 1000100100 011101011μο 245
2020 311 00 000010 21010.
110030 misto, 10030 01010

003 00 00000 avitu doli,
10030 300101 00011010,
10030 000110 00 10101011, 250

drago 51030 0110010,
20 00 013100 00102011.

10030 2010 101 00 0010,
druge kobi, (10030 03010, 255
10030 00110 0 01000001.
· Toto 100100 01 011001
013100 00020οι 00 1010010,
011 00 (1110, 0110110010
101εο111030 00000 100010 200
00020 1010 100 000110
10100111000001030,
030100 01000 0005110
01 01050010 00100030,
2020 nami 0 3101001110 205
10 0010000 10000030.

Vidih 20010 311 pribiva
poli 0100 00 0010101ος
0010111] 00 00100010,
311 mu 0100 0111 01100. 210
S obih 10100000 30001 0100,
100 001 10100 01110 0010,
2020 001110 ko 00 polu
10100 2010001 00000 01100.
Ρ1οι000110 011110 1000, 215
20 01 1011 meu nami:
011110 31000 010 2001000
00 110000ιο 003 00101000,
001111οι 0000000 0110000,
00 minoen 0101 0030001. 280

 

