vm 61611666. 143

Ρ66116 6116 66 616 radim
16 666166 11116 moga,

66 661611 61166 moga
ovim 66616 6166 6166116.

111666 661661,6166ὀ6ο(166 606
11 1661061 1016 666
166 6166661666611161666,
6661 16661666 mjti 230an

ffigda gotum 6116161 kmi
66666661 11 66 6111
616661 616661 po 161111
6 weronam 61661.

’610

163116 6116661 jak 616111611
66611161 66 111661 goti
1616 neg 166 66161 616611 616
11166 1661666666161ἱς
6611166 66 66 666 611666
da 616 moga! gdi 6661111
66 me 6116 moja 61111
66 mi 16116 66666 grane„ 620
ιη Niga· zgoro 111616 666
16666 66 61161661 6616,
666 anzo ι 666
6166 6611616 mojoj boli.
'rad 66 666 661616 161616 626
661 mo 6166 61166 6661,
hd mi sgovor 611661 1661,
, 661166 6111666666 66 11616
ι 661 uglodah 16666 lumi
66 66 6111 16 611616,
61666 616 sobi roka':

530

Ἴ nd 16661161 6661616161.
odi 61 61661 1161661 6661,
61’ 6161616 66666 maha,
mkloni' bi 666 666, 636
hiep& bi 66 666 61161661.
m 66161666 616166 66111

iz 6661666 666 611611,
*do 161166 61166 16111
Μῇωὼῶ w

111 (161 6616666 61166 6116,
61’ 66 661661 6166 666116,
1666 616 66 66666166
61616 611111 moin 6116.

61661161 jalje gledat 616616 616
16 616 666666 1161661 bladi,

166 616666 6116 61666 61661
166 66666616 6666 66616,

6611161661 166 6161616
moja 6116 66 1166161, 660
1616 grana 66 3161161
66 6666166 666 116616.

A 661166 16 66 6116
66611116 meu 66161
1 6616616 666 nogami, 666
611116661οωὶ61 6666116.

Doh 1166166, 16166, 61661,

6 1661611 61116 gusta
661616 61 611116 66616,
16616 ηομ 11 te 116111 600

1166616166 61616161 6166661
6161 obajfi 66616 16116
61116 neg 66 z gore 6116
61366 116116, 61366 166661

’16116 116116 mnogi 66661 666
6666611611 6166 1611611,
66666661 po ’nih misti
6166, 61161 1 6666661,

m 66 1666611 66166111
nego 16616 6661 6 sebi:
616 vile 66666 66 bi,
zajutra bi mogla 6111.

Ta mo tuga 6111166 61166,
616636 616 6116111 6616
61666 nuzo 16 66 1666 676
(16 6116661 6 66 66 6666

Ρ61 616 uja 161661 daga,
66116 61616 66 66 6166
1 66 malo 11661 6166,

66 66 1666661 6611 ne ruga, 680

610

 

