98 pridobi'

10111 1111110111,

Neg 10 mi 011101 lip 1110100 01111110,
11011, 1110111111 1010 1111), 01’ 11101011 11 1111111
11111101 101 priminu neg 111110 1011100
101 111111 1111111111 1100 1101011011111100.
11111011 zgubit 0011100, 010 0011111110, 95
gledaiu& u 1100 01 1111ςο 1111110,
01 11010 11111110, 101 11110 1011 11011,
11101 gled pridobije, 0 11011101 0011011.
Pogljedah na 1011, 01011110 po 111011,
0110 1110110 prosi 1100111111 101011, 100
110 10111011, 101 1011 011 11011 11010 1101,
01 101 10111011 10110100 prvi 1101.
Bisa 10110 1101101 110 10111111 0111111110,
10101101 1010111 po 10111 101110,
0 biae 01110 1011111011 bili vrat, 105
111 111001111ὺῆ0 0111110010 pol 1101.
Ta& vidih mnogo 1101, 1011110 0111110
1111 1111100 111110 1101 1011011110 1101101ος
1011110 110110101111110111 1011011110,
101010 ni 1010, ugodno 1031110. 110
Da 11100 110 111110 1101010011 00111110, ’
1111111 1111100 11011110 1111111110 101110.
Β110 1111 1111110 01101110 0111110,
a evitje 1011110 po 11011111 10 1111ος
0111110 1111111110, 11111011 11111110 10101110, 115
101 1011111 11101110, 1011 1101101111 1110111ος
1011100 110 10110101 bi 010 0111110,
1101111100 ugasne u poludne bila.
Β110 1101100110 glavu 1101111 11011,
101 10111 1101110 1111101 110111 1011, 120
0 1011111 110 111011 0111110 11011110
gdi 10 110111 0111011 1 11101 1101111110,
01 biloga grla do 11111111 1111111
[1111001 11010110, gdi 11011 rud 111111,
gdino 10 11011111 perle 1001110110 125
1111110110 obiju od 11101110 111010,
1 111110 1000110 hitto po 1001ος11,
1111101 10 1110110 11011111 ubogu.

1011 pridolie . 120 11011111] 11011110
123 do 1111111111 1011000111

 

