mum

1 616616 66166 11136
podpisani *vi 66616
6616116666 mle weda,
6116166116 661111 06136 2930

Ηι60666 816111 z doboe vole
6011616 16616 pojti
16 010 61111 ve& 66 dojti,
6 (1666161 161 0616.

11616666 11136 0116, 2985
6116166 6111 po 6661636,
16 3666616 0616 6636
1616 16616 161 ,θ piso:

861161 16616, 161166 11666,
1116 evita, 666166 vire, 2990
666616 ludam gdi 166166
66116 16611 66616 6666,

1160616 6116, 61636 vale,
66106666 6166661666,
· krunu 6616 6661611666, 2995
16 6616616 11136 6616.

Ca pisano u 1110616
611661 6616 16 6616611,
16 666 1616 66 663611
06611661 16 66 66616. 3000

Ζ61ι6ι1666 31616 66636
1 661611 661 666611
napravlaju 01161 brodi
16 666 vrgu u 6611636.

01 66613616 66611660, 3005
66 6636 666 3116161 1161

2982 pojti] 909111' ,06606066
661666 Κ666616161661ι2063 my. 66616)

389

6 6116666 61666 16161,
663 161166 &ivit 666611.

Ζ6 to 6616 6666611611
666 1616611 6161111, 3010
6116666 66 661161111,
616666 veru 6061611.

Α 16 pride 6116 6606
663 611116 bine skupi’,

166 16661161 3661661661, 3015

61 66 demo 0616661616.

Da 1616 66311 vitat 1666
ter 666 01166 16 316666

16 61666 66116666
661 1661616 1616 16666. 3020

Samo 16161666 6636
16 nas 6616 tvoja 06661,
pren 16 616061 666 6606661,

6661 1661611166 161616.

Jer 161 3161111666 prosi, 3025
66616666 ju 66011111,
611166 66 ιἰ6 66 666111
(161 660111316366 6661,

16666 16 66 66661661,
16361166, 16 66 66616, 3030

. 16 61 66166 nijo taka'‚

1166 aveto 6661611661.

Τ616 66161666 vodi
6666116161 16 666 6611,

samo zlotvor da 66 616611, 3035

’ 1 61 66616 6 6160611.

——-—-.-

3015 661661] 6161661.
3011-3020 1 3029-0039 bide pre·
pisivmem iakvareno: 900116 ni] 66 ni.

 

