0000 0000ιο00. 205

005 0050000 500100 5050,
0015 10510 51 50 00010 645
1 0 5050 51 01010,

0000110000 0110 00 000000.

Το6 800000 00000000
5010 bibe 05000000
budae 00000 1 0055000Ἰ 650
0 615οι00500 000οο100.

06 5060 5001 06 1105010,
0051ον161 50 0105000010,
10 5106051 0 00150010
1105151 Daniel& 655

0000000100 01150050
001051000 5050 0030,
015 30 biae 0006011030,
600000 30 5050 00050.

U 00001605 000 to bole 660
000000 0050 005005030
0500015010 sama boga
000016000 0 60500 0010.

A idoli 5001 50101
00006001 60 00 01050 665
06 0051000001 000050
00 50605110000101.

1100000110] po prilici:
sam 50310600 1005 00 0051,
006 6003030 013600 00 51 670
0 1050051 tab 001101.

Narodi mu 010 1005150

11060016 50010 0 001061
0500100 001061 000001,
kim Daniel 5100 5001
001 0000011 1 0051061. ·

Na 0 000010 0061005οι 660
0001010601, 000110
60 30 0000001 05110,
500 00 50010 00010050.

Videc'i 00 5001 001100
0001010 00160 0050 685
5050 10000 310600 0050,
0050 010600 1 000001100.

11000060 30 00006010
0001 11601 010 0010,
00051 5001 60 30 5010, 600
00οο01 00 him 00505000.

(161 605050 51101000
0 501 31060110015150
106050 meso 51116150,

i 003010 0103000000. 605

Jur 00600030 600 506 5100
5001 100160 000 10 hiza
ter se 5 10001 00151 60100,
Daniel». 00115 55100.

1106 0031060 5000 0161 100
36100 0161 00001001,
3100000 5030 5001 00001001,
000100οο uzbesidi:

000101011051 5000,

006 5050015 0030 6111,
zat} 6100 bihu 0050000111
001 16011 51 imihu,

0060 000005 60 511001 105
0050 00030 00 005001,
675 50010 0110 00060 00000.

 

