166666 66 prose 16611 6661 poglaini,
669 druyo'm 66 16666 661661 166-666 61166αῇ61,
611 su, 6616, 6666661, 6661166661 rodom,
6 666961 16116161 6166661616 66666666,
6166 666 6 16661, gdi 61666116 nvi (11116,
tad 66611 66661661 za 1616 666116..
6666161116111616 16 (16666 1161 66 1161666661

2) Drugo Β666166116ιιο (11616 6661 6616616616661666661166
61 1661 61161 66116. Sto 66611 1116116616, 66 6666, 6116666 66366
16611611. 116666 6116116666 drugoga pisca, 6666 6166166116 161 16-
61166 (161661 1661666 6 11666166 bog. 482 16616666 16661166 66616
66116166. S 1611666166 6116616 giam giam posuda 61611666 6611-
6666, 6 6616 661116 posuda 66 6666 (za 116 i: 116661) 66 bih
66166 (1616 6 rodu, 166666 16616661666166. 166616 - izvod 666-
toga 61666 616636 1 novoga 661666 616166 6 6111666166166 6661616
od novole 6 1666 66 6111666, 1611 66 616161166166 porodili druge 66
6661 66166666 1 1661666 61116 — 11661666 116 6116 puti 6 Mle-
6166 166 god. 1618, 1636, 1666, 1702, 1720. 866 66 161666 —-
661116611 - 6661666 (1666661166 6111666. 8116666616666161111

6611611116 61661616, 166 16 pop 1666 ’.16616611 1666611 61666611,
66166166 6 11616, 1611 16616 Β6ι6166116 6 pohvalu 11166616, 616161
16 66 1616 1661166166 (etr. 242) 161 veli:
Prem (16 166116 6161666, 1661616666 vene,
Jarulom nam danom 666161, gdi god 6666.

66 odgovoru 1616 666 pjesnik:
11616 61 16116611 66 6666 Vile 16,
dal' 16116 61166611 Jarule 16 66616,
1616161 1611 116 Jarule kigod dil,
ugodan 61616 66 miris 1616 611.

1661616 6611161666 6 1661 1166616 Pred prvim pjovafiem 166
166 6166 1116666 1116666 6161666 611166 16166666166666, 166616
666616 166 osmoga sloga. Svega ima osam 111166 po 6666 61116 66
6116166 61616666, samo 16 66166 111166 od 1661 6111666. Za 116
ide 166 6661 6 (Uolo skup stihova 6 11116666 po 16116 6666666
66111166 1666166116. 86616 1166666 11611666666661666111166 di· ⁹
6116166, 6 6661616 6616161116 11116666 161666 666 61661611 6666
6166166116, 666616 66666 1166666 61 6661161 6666661666, ali
1161666636 166 6666661 (16116 pjesmo: (1616 61616661 1611116,
od 1611161616 prva 6161666 66666166 1661661166 6 111166 po 6666

 

