382 Ι smus 55550510,

Ne 055110 gospodnri,
jer 50 51110 5 1105005 rati,
05 1151555 155150 bruti,

a 015555 55010 515551.

Lipo Grkom 1155153001 2545
0051050150, 50 po 5111,
55055 50005 55515 0111,
55 10 §ivi 5 5105001.

Τ51ιο 51010 55035 lita
sami 5051 3051500551, 2550
1050505011 55 1055551 ’
15305150 priko 55115.

- ’ [11510050 5150 515550

55030 51030 00 55050511,
050115 10105 5503010511 2555
00 Κι5115505 5555555501

5110 biskup Garigrada
5 05515οι5 rukom prijateli,
55030 5550 5 101 50511,

ka 5 111051511501 51500. 2560

0550015010 51515 155035
55015 505 301 5550110,
izkupi’ 11555030 5150
55 pogibil kipa svoga3

551 1003551 05 35 erite 2565
ver da 5035 01510 55511,
155050 1 5 5151 05305511,
jer svakomu 555105 prim.

Dah' 0501 1500155501
10555 0115 0550 110501, 2510
5 51505110, bri 05 05 500,
555 115515505 5155 555501.

Skupno kosti 5 515 555010
ter ιι 5010 35005 515550
00 poganov 05 15 550550 20
1 115 515305 1155555010.

1150 155551 50 5111555,
51 31100555 155515 01005
0511 gradem 10101105
515051 55505 bri 05 511555 1

Το115515505 5015101530
i 1511550 5 00550 5010,
5101 115 50 50105010
503 05 pn'mu 55115 51530.

Ρ511510351511005035 11
ter u 515555 1005155110,
skupno boga 1505155110,
vide& 05 10 dar od 5035

0551101 3155155 115055
5155 51055 515150 pino ¹,
i 051510 515551 150
55115550 po 15055.

850 5555110 00 5515055
301 10 555555 0005115,
55011051 550351115 ⁴⁴
1105515101ιί 5515515055.

Ι)51’ 10 5550 0501110
51 5550155 ta& ni smrti,
vrime svaka 5010 5151,
050 10 5155, 55010 lito. '²

Vrime Grkom skrati sile„
500 501510 1515105511,
51 po moru 50105511,
515 55310511 bihu srile3

 

