DUM.

10510010 0031001010
1115011111 01000 hilo 2350
5010 0000 (10500 00110,
0510011 mu 0000 dale.

Knez 11151001 000100 01001

’ 10 00 1010001 00011 30011

1 00 00011 05 tom 0011, 2355
0001010όί 00010 01001.

Na 1001 1100000 1 Dominus,
1001010 jime 00010οἱ00,
00 11000 5030 0000100110
00301 mira i 10011000. 2360

nimina 00111 01000,
,001 01 00000 00111001 primo,
5000 11151001 000 001100

51 dominis 011 Domjana.

Tako 10001 mi 001011 2365
010015 iimo 0011000110
1 00110010 0050100110,
jere 00050 1110 50011.

Sta dogovor meu 0100οε
05 00010110, 001 radimo? 2370
00 5030 11 3001 30011010,
501 01 jedan 0000 nima?

Proeinimo 0010 010001,
0011 30011 10 00011000
1 000 51030 1030510100, 2375
ko 0105010 0001 01001.

5001100 00, 001 00 0101010,
prija neg 00 0001000000,
000 50 0050 001 vax-amo,
00000100 011 001010. 2380

2864 Domjm Domino„

2³74 00011000 pustino.

319

Το1 0011010 sebi 0000,
0151 10105 00150 mora,
10 5001000 0151 10000,
000 3101000 1 001100οε

01 0 50000, 01’ 0 5000, 2385 , ζ’ζί

311 00 310000 0110011100,
0001 501100 1001000100

00 3000010 10 01000

80050 0000000 10 00 0010,
01 0010150 silom 0001, 2390
1011 000505 300105οό1,
50106 0105 mima 001010.

110001010115 00001010,
00051 00010 00005001,

00050 51030 0050101001 2395 ¹
· 00 0001030 10 1003010. ”

1705000100 51 301000

010000 00 00οο1110,
51 000010 0000101110
000 00151150 00010 0000. 2400

01 000010 10 101050
05111100 001 000011,
10501111 jafie brodi
10 3001 0110 005 01050.

80030 00110 00050 010000 2405
1010 1030 10000111,
00030 5150 00150 0111
&im 30110 00 1011 50000.

1103001110 100030 50010
01 101 jadra i 001000, 2410.
00 300001 51 00 mare

1011111010 10 0005010.

 

